# Extracted from file: qso_template.fits
#SIMPLETruefile does conform to FITS standard
#BITPIX16number of bits per data pixel
#NAXIS0number of data axes
#EXTENDTrueFITS dataset may contain extensions
#COMMENT  FITS (Flexible Image Transport System) format defined in Astronomy and
#COMMENT  Astrophysics Supplement Series v44/p363, v44/p371, v73/p359, v73/p365.
#COMMENT  Contact the NASA Science Office of Standards and Technology for the
#COMMENT  FITS Definition document #100 and other FITS information.
#ORIGINSTScI-STSDAS/TABLESTables version 1999-03-22
#FILENAMEqso_template.fitsname of file
#HISTORY  created 5-June-1996
#DBTABLEcrgrid
#DESCRIPTemplate UV + optical (0.08 - 0.6 micron) Spectrum of Bright QSO
#SOURCEJ.R. Walsh, May 1996
#TARGETIDBright QSO
#OBSMODEUV + optical spectrum
#COMMENT  Composite QSO spectrum from the Large Bright Quasar Survey
#COMMENT  (LBQS) of Francis et al 1991 ApJ 373, 465
#COMMENT  Units are flux per unit wavelength (i.e. scaled ergs/cm/cm/s/A)
#COMMENT  normalized to a B magnitude of 12.5 (in STMAG units)
#COMMENT  Resolution is ~4A and channels are 2.5A
#COMMENT  Composite QSO spectrum, from Francis et al 1991 ApJ 373, 465
#COMMENT  Rest wavelength (Angstroms) vs Flux (per unit wavelength)
#  
#Columns WAVELENGTH FLUX
#Units  angstroms flam
800.0  5.28777e-14
802.5  5.49404e-14
805.0  3.6575e-14
807.5  3.00897e-14
810.0  3.85279e-14
812.5  3.94306e-14
815.0  3.51503e-14
817.5  4.87481e-14
820.0  4.27262e-14
822.5  4.46842e-14
825.0  4.30623e-14
827.5  3.1893e-14
830.0  2.46217e-14
832.5  1.84342e-14
835.0  3.9737e-14
837.5  5.21416e-14
840.0  4.73161e-14
842.5  5.49731e-14
845.0  5.67466e-14
847.5  6.11146e-14
850.0  4.92825e-14
852.5  5.75995e-14
855.0  7.47443e-14
857.5  6.54586e-14
860.0  5.83294e-14
862.5  6.03953e-14
865.0  7.32514e-14
867.5  6.33106e-14
870.0  7.60549e-14
872.5  8.16621e-14
875.0  8.61852e-14
877.5  9.31907e-14
880.0  9.67808e-14
882.5  9.12211e-14
885.0  1.0107e-13
887.5  9.162e-14
890.0  9.02861e-14
892.5  8.85819e-14
895.0  1.00481e-13
897.5  9.76254e-14
900.0  1.06323e-13
902.5  1.23322e-13
905.0  1.24093e-13
907.5  1.25251e-13
910.0  1.37399e-13
912.5  1.34989e-13
915.0  1.48212e-13
917.5  1.56974e-13
920.0  1.47273e-13
922.5  1.56374e-13
925.0  1.62375e-13
927.5  1.57611e-13
930.0  1.62386e-13
932.5  1.80502e-13
935.0  1.80327e-13
937.5  1.53035e-13
940.0  1.89912e-13
942.5  1.91738e-13
945.0  1.93805e-13
947.5  1.86505e-13
950.0  2.04028e-13
952.5  2.00983e-13
955.0  1.93352e-13
957.5  1.90762e-13
960.0  1.73916e-13
962.5  1.92043e-13
965.0  1.76564e-13
967.5  1.87218e-13
970.0  1.88719e-13
972.5  2.03323e-13
975.0  2.14544e-13
977.5  2.24221e-13
980.0  2.14245e-13
982.5  2.15249e-13
985.0  2.13049e-13
987.5  2.16255e-13
990.0  2.23814e-13
992.5  2.2115e-13
995.0  2.18347e-13
997.5  2.14082e-13
1000.0  2.06136e-13
1002.5  2.10771e-13
1005.0  2.1873e-13
1007.5  2.17967e-13
1010.0  2.26727e-13
1012.5  2.11081e-13
1015.0  2.1775e-13
1017.5  2.19632e-13
1020.0  2.07742e-13
1022.5  2.23901e-13
1025.0  2.2576e-13
1027.5  2.60047e-13
1030.0  2.68495e-13
1032.5  2.83259e-13
1035.0  2.91293e-13
1037.5  2.81852e-13
1040.0  2.66264e-13
1042.5  2.57524e-13
1045.0  2.34993e-13
1047.5  2.28792e-13
1050.0  2.2653e-13
1052.5  2.0902e-13
1055.0  2.08767e-13
1057.5  2.12285e-13
1060.0  2.26259e-13
1062.5  2.25527e-13
1065.0  2.08588e-13
1067.5  2.12773e-13
1070.0  2.07837e-13
1072.5  2.02616e-13
1075.0  2.08325e-13
1077.5  2.10697e-13
1080.0  2.14338e-13
1082.5  2.22481e-13
1085.0  2.23626e-13
1087.5  2.18256e-13
1090.0  2.17441e-13
1092.5  2.15045e-13
1095.0  2.05771e-13
1097.5  2.04549e-13
1100.0  1.95523e-13
1102.5  2.01734e-13
1105.0  1.95016e-13
1107.5  2.04807e-13
1110.0  2.00888e-13
1112.5  2.00501e-13
1115.0  2.03165e-13
1117.5  2.15243e-13
1120.0  2.185e-13
1122.5  2.18648e-13
1125.0  2.17522e-13
1127.5  2.1655e-13
1130.0  2.1594e-13
1132.5  2.16734e-13
1135.0  2.06978e-13
1137.5  2.12393e-13
1140.0  2.07458e-13
1142.5  2.06507e-13
1145.0  2.03052e-13
1147.5  1.90483e-13
1150.0  1.88777e-13
1152.5  1.95983e-13
1155.0  2.0076e-13
1157.5  2.12468e-13
1160.0  2.0838e-13
1162.5  2.08855e-13
1165.0  2.20879e-13
1167.5  2.22459e-13
1170.0  2.20858e-13
1172.5  2.33123e-13
1175.0  2.31567e-13
1177.5  2.39616e-13
1180.0  2.38783e-13
1182.5  2.48722e-13
1185.0  2.49635e-13
1187.5  2.61583e-13
1190.0  2.71674e-13
1192.5  2.8819e-13
1195.0  2.93652e-13
1197.5  3.1347e-13
1200.0  3.27092e-13
1202.5  3.54314e-13
1205.0  3.83647e-13
1207.5  4.21056e-13
1210.0  4.72445e-13
1212.5  5.11835e-13
1215.0  5.47613e-13
1217.5  5.8537e-13
1220.0  5.67782e-13
1222.5  5.35517e-13
1225.0  4.61866e-13
1227.5  4.60102e-13
1230.0  4.42073e-13
1232.5  4.52072e-13
1235.0  4.51868e-13
1237.5  4.54476e-13
1240.0  4.50776e-13
1242.5  4.38076e-13
1245.0  4.06596e-13
1247.5  3.81341e-13
1250.0  3.55824e-13
1252.5  3.35413e-13
1255.0  3.18161e-13
1257.5  3.06551e-13
1260.0  3.02782e-13
1262.5  2.98526e-13
1265.0  2.92217e-13
1267.5  2.85858e-13
1270.0  2.77399e-13
1272.5  2.7172e-13
1275.0  2.57657e-13
1277.5  2.50829e-13
1280.0  2.48411e-13
1282.5  2.43258e-13
1285.0  2.3818e-13
1287.5  2.37221e-13
1290.0  2.39262e-13
1292.5  2.40479e-13
1295.0  2.45882e-13
1297.5  2.45099e-13
1300.0  2.46781e-13
1302.5  2.49322e-13
1305.0  2.57783e-13
1307.5  2.55795e-13
1310.0  2.53813e-13
1312.5  2.50288e-13
1315.0  2.46886e-13
1317.5  2.37356e-13
1320.0  2.34955e-13
1322.5  2.30484e-13
1325.0  2.28748e-13
1327.5  2.29791e-13
1330.0  2.35771e-13
1332.5  2.38303e-13
1335.0  2.41002e-13
1337.5  2.42422e-13
1340.0  2.41735e-13
1342.5  2.37362e-13
1345.0  2.38039e-13
1347.5  2.33503e-13
1350.0  2.31505e-13
1352.5  2.30135e-13
1355.0  2.28075e-13
1357.5  2.31485e-13
1360.0  2.30246e-13
1362.5  2.28707e-13
1365.0  2.28356e-13
1367.5  2.31069e-13
1370.0  2.33789e-13
1372.5  2.36509e-13
1375.0  2.35065e-13
1377.5  2.37213e-13
1380.0  2.41862e-13
1382.5  2.44704e-13
1385.0  2.51309e-13
1387.5  2.55024e-13
1390.0  2.62775e-13
1392.5  2.65889e-13
1395.0  2.7104e-13
1397.5  2.75396e-13
1400.0  2.7544e-13
1402.5  2.71562e-13
1405.0  2.68873e-13
1407.5  2.6044e-13
1410.0  2.51192e-13
1412.5  2.45835e-13
1415.0  2.3921e-13
1417.5  2.32667e-13
1420.0  2.29444e-13
1422.5  2.23863e-13
1425.0  2.23325e-13
1427.5  2.20685e-13
1430.0  2.18452e-13
1432.5  2.1746e-13
1435.0  2.15317e-13
1437.5  2.15454e-13
1440.0  2.12059e-13
1442.5  2.11654e-13
1445.0  2.09847e-13
1447.5  2.10423e-13
1450.0  2.08731e-13
1452.5  2.10272e-13
1455.0  2.09685e-13
1457.5  2.09998e-13
1460.0  2.09546e-13
1462.5  2.08917e-13
1465.0  2.0975e-13
1467.5  2.08157e-13
1470.0  2.08334e-13
1472.5  2.09241e-13
1475.0  2.08889e-13
1477.5  2.07274e-13
1480.0  2.08856e-13
1482.5  2.11386e-13
1485.0  2.12422e-13
1487.5  2.13331e-13
1490.0  2.16404e-13
1492.5  2.14629e-13
1495.0  2.16601e-13
1497.5  2.20791e-13
1500.0  2.21986e-13
1502.5  2.21432e-13
1505.0  2.2439e-13
1507.5  2.26459e-13
1510.0  2.27296e-13
1512.5  2.32263e-13
1515.0  2.33998e-13
1517.5  2.41148e-13
1520.0  2.4279e-13
1522.5  2.51904e-13
1525.0  2.56339e-13
1527.5  2.65196e-13
1530.0  2.72976e-13
1532.5  2.8182e-13
1535.0  2.9026e-13
1537.5  3.06322e-13
1540.0  3.2408e-13
1542.5  3.40824e-13
1545.0  3.47624e-13
1547.5  3.56648e-13
1550.0  3.51948e-13
1552.5  3.36087e-13
1555.0  3.19875e-13
1557.5  3.00604e-13
1560.0  2.81885e-13
1562.5  2.66826e-13
1565.0  2.56923e-13
1567.5  2.46983e-13
1570.0  2.40716e-13
1572.5  2.3413e-13
1575.0  2.29689e-13
1577.5  2.24681e-13
1580.0  2.22468e-13
1582.5  2.18818e-13
1585.0  2.17834e-13
1587.5  2.16472e-13
1590.0  2.15498e-13
1592.5  2.13979e-13
1595.0  2.11813e-13
1597.5  2.12003e-13
1600.0  2.11146e-13
1602.5  2.11771e-13
1605.0  2.12191e-13
1607.5  2.103e-13
1610.0  2.10051e-13
1612.5  2.10795e-13
1615.0  2.1034e-13
1617.5  2.10371e-13
1620.0  2.10714e-13
1622.5  2.11655e-13
1625.0  2.11802e-13
1627.5  2.11223e-13
1630.0  2.11258e-13
1632.5  2.12216e-13
1635.0  2.11457e-13
1637.5  2.11044e-13
1640.0  2.11341e-13
1642.5  2.0702e-13
1645.0  2.03219e-13
1647.5  2.01033e-13
1650.0  2.01521e-13
1652.5  2.00224e-13
1655.0  2.00805e-13
1657.5  1.9935e-13
1660.0  2.00864e-13
1662.5  2.03239e-13
1665.0  1.99807e-13
1667.5  1.99891e-13
1670.0  1.98267e-13
1672.5  1.9503e-13
1675.0  1.93067e-13
1677.5  1.91298e-13
1680.0  1.87195e-13
1682.5  1.86297e-13
1685.0  1.84433e-13
1687.5  1.83484e-13
1690.0  1.83701e-13
1692.5  1.83337e-13
1695.0  1.82239e-13
1697.5  1.8214e-13
1700.0  1.81427e-13
1702.5  1.83885e-13
1705.0  1.82006e-13
1707.5  1.8443e-13
1710.0  1.83309e-13
1712.5  1.85504e-13
1715.0  1.83203e-13
1717.5  1.84938e-13
1720.0  1.83829e-13
1722.5  1.8454e-13
1725.0  1.83438e-13
1727.5  1.84408e-13
1730.0  1.84055e-13
1732.5  1.82686e-13
1735.0  1.81821e-13
1737.5  1.81521e-13
1740.0  1.81499e-13
1742.5  1.83053e-13
1745.0  1.82482e-13
1747.5  1.83334e-13
1750.0  1.82811e-13
1752.5  1.83147e-13
1755.0  1.79191e-13
1757.5  1.78331e-13
1760.0  1.77861e-13
1762.5  1.76945e-13
1765.0  1.76342e-13
1767.5  1.74844e-13
1770.0  1.74034e-13
1772.5  1.74003e-13
1775.0  1.74644e-13
1777.5  1.74198e-13
1780.0  1.72111e-13
1782.5  1.72963e-13
1785.0  1.72996e-13
1787.5  1.74733e-13
1790.0  1.73341e-13
1792.5  1.72823e-13
1795.0  1.73073e-13
1797.5  1.7031e-13
1800.0  1.68275e-13
1802.5  1.69483e-13
1805.0  1.69086e-13
1807.5  1.68167e-13
1810.0  1.67145e-13
1812.5  1.68453e-13
1815.0  1.69492e-13
1817.5  1.68597e-13
1820.0  1.68005e-13
1822.5  1.67348e-13
1825.0  1.6772e-13
1827.5  1.6737e-13
1830.0  1.65825e-13
1832.5  1.65957e-13
1835.0  1.68585e-13
1837.5  1.67561e-13
1840.0  1.70042e-13
1842.5  1.71435e-13
1845.0  1.72868e-13
1847.5  1.75352e-13
1850.0  1.77183e-13
1852.5  1.78105e-13
1855.0  1.79509e-13
1857.5  1.80577e-13
1860.0  1.81686e-13
1862.5  1.81162e-13
1865.0  1.80501e-13
1867.5  1.80787e-13
1870.0  1.79752e-13
1872.5  1.79744e-13
1875.0  1.81362e-13
1877.5  1.8097e-13
1880.0  1.84619e-13
1882.5  1.87525e-13
1885.0  1.92319e-13
1887.5  1.95893e-13
1890.0  2.01132e-13
1892.5  2.04441e-13
1895.0  2.07245e-13
1897.5  2.10411e-13
1900.0  2.12177e-13
1902.5  2.1377e-13
1905.0  2.19518e-13
1907.5  2.21498e-13
1910.0  2.18298e-13
1912.5  2.13387e-13
1915.0  2.07292e-13
1917.5  2.01303e-13
1920.0  1.92465e-13
1922.5  1.87524e-13
1925.0  1.84442e-13
1927.5  1.78108e-13
1930.0  1.74554e-13
1932.5  1.72462e-13
1935.0  1.68227e-13
1937.5  1.64957e-13
1940.0  1.61816e-13
1942.5  1.60299e-13
1945.0  1.57973e-13
1947.5  1.56559e-13
1950.0  1.5587e-13
1952.5  1.55358e-13
1955.0  1.5471e-13
1957.5  1.5479e-13
1960.0  1.52965e-13
1962.5  1.50218e-13
1965.0  1.48525e-13
1967.5  1.47747e-13
1970.0  1.47037e-13
1972.5  1.45886e-13
1975.0  1.47337e-13
1977.5  1.46026e-13
1980.0  1.46466e-13
1982.5  1.44894e-13
1985.0  1.44639e-13
1987.5  1.45875e-13
1990.0  1.45718e-13
1992.5  1.46662e-13
1995.0  1.46014e-13
1997.5  1.45154e-13
2000.0  1.45689e-13
2002.5  1.44669e-13
2005.0  1.43901e-13
2007.5  1.43713e-13
2010.0  1.43515e-13
2012.5  1.42207e-13
2015.0  1.41338e-13
2017.5  1.40818e-13
2020.0  1.40628e-13
2022.5  1.40997e-13
2025.0  1.41231e-13
2027.5  1.39908e-13
2030.0  1.4088e-13
2032.5  1.40049e-13
2035.0  1.38509e-13
2037.5  1.38526e-13
2040.0  1.40122e-13
2042.5  1.40278e-13
2045.0  1.39962e-13
2047.5  1.39714e-13
2050.0  1.40066e-13
2052.5  1.38869e-13
2055.0  1.40555e-13
2057.5  1.41356e-13
2060.0  1.4271e-13
2062.5  1.42856e-13
2065.0  1.4365e-13
2067.5  1.42742e-13
2070.0  1.43599e-13
2072.5  1.43745e-13
2075.0  1.4226e-13
2077.5  1.41073e-13
2080.0  1.41446e-13
2082.5  1.40461e-13
2085.0  1.39488e-13
2087.5  1.38331e-13
2090.0  1.36926e-13
2092.5  1.37284e-13
2095.0  1.36342e-13
2097.5  1.3602e-13
2100.0  1.35798e-13
2102.5  1.36056e-13
2105.0  1.36005e-13
2107.5  1.34167e-13
2110.0  1.33487e-13
2112.5  1.33087e-13
2115.0  1.31811e-13
2117.5  1.31191e-13
2120.0  1.27694e-13
2122.5  1.27152e-13
2125.0  1.25354e-13
2127.5  1.26419e-13
2130.0  1.2624e-13
2132.5  1.26071e-13
2135.0  1.26404e-13
2137.5  1.26907e-13
2140.0  1.26239e-13
2142.5  1.25908e-13
2145.0  1.24335e-13
2147.5  1.23954e-13
2150.0  1.23433e-13
2152.5  1.22232e-13
2155.0  1.2234e-13
2157.5  1.20708e-13
2160.0  1.20633e-13
2162.5  1.20771e-13
2165.0  1.2169e-13
2167.5  1.21018e-13
2170.0  1.22212e-13
2172.5  1.2258e-13
2175.0  1.2093e-13
2177.5  1.2208e-13
2180.0  1.21614e-13
2182.5  1.20542e-13
2185.0  1.20321e-13
2187.5  1.19095e-13
2190.0  1.18899e-13
2192.5  1.17753e-13
2195.0  1.17016e-13
2197.5  1.15489e-13
2200.0  1.15383e-13
2202.5  1.15021e-13
2205.0  1.15021e-13
2207.5  1.14212e-13
2210.0  1.15299e-13
2212.5  1.15566e-13
2215.0  1.16159e-13
2217.5  1.16753e-13
2220.0  1.16363e-13
2222.5  1.15227e-13
2225.0  1.16278e-13
2227.5  1.15922e-13
2230.0  1.14587e-13
2232.5  1.13497e-13
2235.0  1.12687e-13
2237.5  1.1239e-13
2240.0  1.13135e-13
2242.5  1.1204e-13
2245.0  1.12098e-13
2247.5  1.12769e-13
2250.0  1.13486e-13
2252.5  1.14837e-13
2255.0  1.12594e-13
2257.5  1.13875e-13
2260.0  1.13969e-13
2262.5  1.13254e-13
2265.0  1.1423e-13
2267.5  1.1406e-13
2270.0  1.13528e-13
2272.5  1.13874e-13
2275.0  1.13833e-13
2277.5  1.13731e-13
2280.0  1.14166e-13
2282.5  1.14827e-13
2285.0  1.15146e-13
2287.5  1.15659e-13
2290.0  1.16617e-13
2292.5  1.16569e-13
2295.0  1.15244e-13
2297.5  1.1627e-13
2300.0  1.17092e-13
2302.5  1.18338e-13
2305.0  1.17479e-13
2307.5  1.1816e-13
2310.0  1.18152e-13
2312.5  1.17543e-13
2315.0  1.18406e-13
2317.5  1.18064e-13
2320.0  1.1839e-13
2322.5  1.1891e-13
2325.0  1.19017e-13
2327.5  1.19118e-13
2330.0  1.19333e-13
2332.5  1.17764e-13
2335.0  1.17766e-13
2337.5  1.17356e-13
2340.0  1.16644e-13
2342.5  1.15341e-13
2345.0  1.14393e-13
2347.5  1.14542e-13
2350.0  1.14143e-13
2352.5  1.12516e-13
2355.0  1.12173e-13
2357.5  1.12914e-13
2360.0  1.13158e-13
2362.5  1.12116e-13
2365.0  1.11774e-13
2367.5  1.11766e-13
2370.0  1.10837e-13
2372.5  1.1097e-13
2375.0  1.1092e-13
2377.5  1.10695e-13
2380.0  1.10132e-13
2382.5  1.09993e-13
2385.0  1.10357e-13
2387.5  1.08999e-13
2390.0  1.10188e-13
2392.5  1.10329e-13
2395.0  1.10388e-13
2397.5  1.1125e-13
2400.0  1.11916e-13
2402.5  1.11832e-13
2405.0  1.09941e-13
2407.5  1.11644e-13
2410.0  1.12832e-13
2412.5  1.13616e-13
2415.0  1.14472e-13
2417.5  1.15229e-13
2420.0  1.16458e-13
2422.5  1.17327e-13
2425.0  1.15932e-13
2427.5  1.13763e-13
2430.0  1.13235e-13
2432.5  1.13781e-13
2435.0  1.12274e-13
2437.5  1.12819e-13
2440.0  1.12715e-13
2442.5  1.11227e-13
2445.0  1.10353e-13
2447.5  1.10815e-13
2450.0  1.08721e-13
2452.5  1.07234e-13
2455.0  1.08382e-13
2457.5  1.08261e-13
2460.0  1.07088e-13
2462.5  1.08991e-13
2465.0  1.08366e-13
2467.5  1.09157e-13
2470.0  1.10045e-13
2472.5  1.09786e-13
2475.0  1.09914e-13
2477.5  1.09959e-13
2480.0  1.08908e-13
2482.5  1.09147e-13
2485.0  1.08723e-13
2487.5  1.0979e-13
2490.0  1.07967e-13
2492.5  1.07886e-13
2495.0  1.08906e-13
2497.5  1.06855e-13
2500.0  1.07728e-13
2502.5  1.07096e-13
2505.0  1.0665e-13
2507.5  1.07173e-13
2510.0  1.06567e-13
2512.5  1.05833e-13
2515.0  1.0608e-13
2517.5  1.05817e-13
2520.0  1.0493e-13
2522.5  1.03303e-13
2525.0  1.03738e-13
2527.5  1.03437e-13
2530.0  1.0406e-13
2532.5  1.0381e-13
2535.0  1.03733e-13
2537.5  1.04415e-13
2540.0  1.03472e-13
2542.5  1.0311e-13
2545.0  1.02758e-13
2547.5  1.01967e-13
2550.0  1.01862e-13
2552.5  1.02114e-13
2555.0  1.01494e-13
2557.5  1.00574e-13
2560.0  1.01068e-13
2562.5  1.00601e-13
2565.0  1.0053e-13
2567.5  9.95246e-14
2570.0  9.96394e-14
2572.5  9.90691e-14
2575.0  9.80747e-14
2577.5  9.88931e-14
2580.0  9.8423e-14
2582.5  9.78738e-14
2585.0  9.86218e-14
2587.5  9.72405e-14
2590.0  9.77793e-14
2592.5  9.54111e-14
2595.0  9.51494e-14
2597.5  9.66351e-14
2600.0  9.65113e-14
2602.5  9.68969e-14
2605.0  9.6905e-14
2607.5  9.57943e-14
2610.0  9.62744e-14
2612.5  9.59989e-14
2615.0  9.55946e-14
2617.5  9.67689e-14
2620.0  9.59119e-14
2622.5  9.5862e-14
2625.0  9.4563e-14
2627.5  9.43854e-14
2630.0  9.47609e-14
2632.5  9.36626e-14
2635.0  9.31631e-14
2637.5  9.23952e-14
2640.0  9.19231e-14
2642.5  9.08908e-14
2645.0  8.91282e-14
2647.5  8.84301e-14
2650.0  8.88177e-14
2652.5  8.89796e-14
2655.0  8.84198e-14
2657.5  8.79085e-14
2660.0  8.76818e-14
2662.5  8.78695e-14
2665.0  8.92081e-14
2667.5  8.94136e-14
2670.0  8.95803e-14
2672.5  9.00872e-14
2675.0  8.9456e-14
2677.5  8.89495e-14
2680.0  8.78124e-14
2682.5  8.83389e-14
2685.0  8.83767e-14
2687.5  8.86149e-14
2690.0  8.84316e-14
2692.5  8.87117e-14
2695.0  8.91513e-14
2697.5  8.90488e-14
2700.0  8.88487e-14
2702.5  8.91116e-14
2705.0  9.00516e-14
2707.5  9.10558e-14
2710.0  9.15042e-14
2712.5  9.22349e-14
2715.0  9.2088e-14
2717.5  9.07026e-14
2720.0  9.08539e-14
2722.5  9.19873e-14
2725.0  9.23802e-14
2727.5  9.35598e-14
2730.0  9.30872e-14
2732.5  9.30141e-14
2735.0  9.30451e-14
2737.5  9.25589e-14
2740.0  9.29673e-14
2742.5  9.45352e-14
2745.0  9.56433e-14
2747.5  9.56171e-14
2750.0  9.71966e-14
2752.5  9.68574e-14
2755.0  9.61171e-14
2757.5  9.69333e-14
2760.0  9.75774e-14
2762.5  9.65359e-14
2765.0  9.5603e-14
2767.5  9.54889e-14
2770.0  9.73405e-14
2772.5  9.79736e-14
2775.0  9.92017e-14
2777.5  1.01401e-13
2780.0  1.05049e-13
2782.5  1.08283e-13
2785.0  1.11583e-13
2787.5  1.1595e-13
2790.0  1.22154e-13
2792.5  1.28493e-13
2795.0  1.32656e-13
2797.5  1.36304e-13
2800.0  1.35962e-13
2802.5  1.33645e-13
2805.0  1.30513e-13
2807.5  1.24317e-13
2810.0  1.18038e-13
2812.5  1.12944e-13
2815.0  1.07945e-13
2817.5  1.03466e-13
2820.0  1.01647e-13
2822.5  9.96563e-14
2825.0  9.82068e-14
2827.5  9.68063e-14
2830.0  9.54499e-14
2832.5  9.46894e-14
2835.0  9.32745e-14
2837.5  9.29161e-14
2840.0  9.17682e-14
2842.5  9.0744e-14
2845.0  9.01569e-14
2847.5  9.00603e-14
2850.0  8.94771e-14
2852.5  8.91689e-14
2855.0  8.81575e-14
2857.5  8.69562e-14
2860.0  8.7218e-14
2862.5  8.55242e-14
2865.0  8.55452e-14
2867.5  8.49415e-14
2870.0  8.43112e-14
2872.5  8.4622e-14
2875.0  8.41019e-14
2877.5  8.31906e-14
2880.0  8.23657e-14
2882.5  8.14721e-14
2885.0  8.24724e-14
2887.5  8.17879e-14
2890.0  8.0523e-14
2892.5  7.99048e-14
2895.0  7.98991e-14
2897.5  8.07878e-14
2900.0  7.97458e-14
2902.5  7.83881e-14
2905.0  7.70711e-14
2907.5  7.8096e-14
2910.0  7.79257e-14
2912.5  7.78316e-14
2915.0  7.76725e-14
2917.5  7.83215e-14
2920.0  7.82225e-14
2922.5  7.91625e-14
2925.0  7.97488e-14
2927.5  7.98183e-14
2930.0  8.01481e-14
2932.5  7.99371e-14
2935.0  8.01899e-14
2937.5  7.98278e-14
2940.0  8.0056e-14
2942.5  7.94453e-14
2945.0  8.0384e-14
2947.5  7.9515e-14
2950.0  7.90975e-14
2952.5  7.90999e-14
2955.0  7.90013e-14
2957.5  7.9404e-14
2960.0  7.96214e-14
2962.5  7.94685e-14
2965.0  7.84537e-14
2967.5  7.86413e-14
2970.0  7.86805e-14
2972.5  7.83215e-14
2975.0  7.74788e-14
2977.5  7.7229e-14
2980.0  7.78163e-14
2982.5  7.74389e-14
2985.0  7.61967e-14
2987.5  7.53676e-14
2990.0  7.53518e-14
2992.5  7.46998e-14
2995.0  7.4322e-14
2997.5  7.33049e-14
3000.0  7.37355e-14
3002.5  7.31162e-14
3005.0  7.21216e-14
3007.5  7.1743e-14
3010.0  7.16012e-14
3012.5  7.10277e-14
3015.0  7.00616e-14
3017.5  6.94323e-14
3020.0  6.90794e-14
3022.5  6.87686e-14
3025.0  6.86088e-14
3027.5  6.92336e-14
3030.0  6.90097e-14
3032.5  6.84985e-14
3035.0  6.81097e-14
3037.5  6.89399e-14
3040.0  6.90761e-14
3042.5  6.91174e-14
3045.0  6.92442e-14
3047.5  6.91116e-14
3050.0  6.9149e-14
3052.5  6.94431e-14
3055.0  6.90348e-14
3057.5  6.87207e-14
3060.0  6.9013e-14
3062.5  6.93151e-14
3065.0  6.99992e-14
3067.5  6.91198e-14
3070.0  6.92603e-14
3072.5  6.91356e-14
3075.0  7.00631e-14
3077.5  6.98973e-14
3080.0  6.96175e-14
3082.5  6.96395e-14
3085.0  6.92649e-14
3087.5  6.91859e-14
3090.0  6.8624e-14
3092.5  6.86942e-14
3095.0  6.91541e-14
3097.5  6.87778e-14
3100.0  6.83898e-14
3102.5  6.91441e-14
3105.0  6.91538e-14
3107.5  7.03329e-14
3110.0  7.02687e-14
3112.5  7.06752e-14
3115.0  7.01084e-14
3117.5  7.15123e-14
3120.0  7.21343e-14
3122.5  7.28351e-14
3125.0  7.25945e-14
3127.5  7.18864e-14
3130.0  7.25639e-14
3132.5  7.21985e-14
3135.0  7.17939e-14
3137.5  7.05011e-14
3140.0  7.18122e-14
3142.5  7.04808e-14
3145.0  6.91067e-14
3147.5  6.98801e-14
3150.0  7.02443e-14
3152.5  7.03777e-14
3155.0  6.95359e-14
3157.5  6.95461e-14
3160.0  6.952e-14
3162.5  6.94316e-14
3165.0  7.01335e-14
3167.5  7.01272e-14
3170.0  7.12256e-14
3172.5  7.14001e-14
3175.0  7.09051e-14
3177.5  7.09961e-14
3180.0  7.14277e-14
3182.5  7.19243e-14
3185.0  7.14988e-14
3187.5  7.18569e-14
3190.0  7.19884e-14
3192.5  7.14738e-14
3195.0  7.12247e-14
3197.5  7.15503e-14
3200.0  7.16138e-14
3202.5  7.03769e-14
3205.0  7.05502e-14
3207.5  7.09758e-14
3210.0  7.09853e-14
3212.5  7.0647e-14
3215.0  7.04655e-14
3217.5  6.89782e-14
3220.0  6.89844e-14
3222.5  6.77526e-14
3225.0  6.87501e-14
3227.5  6.89113e-14
3230.0  6.90761e-14
3232.5  6.83691e-14
3235.0  6.7507e-14
3237.5  6.72092e-14
3240.0  6.72159e-14
3242.5  6.79361e-14
3245.0  6.71408e-14
3247.5  6.69911e-14
3250.0  6.71596e-14
3252.5  6.74003e-14
3255.0  6.78777e-14
3257.5  6.75442e-14
3260.0  6.7308e-14
3262.5  6.75197e-14
3265.0  6.63929e-14
3267.5  6.5884e-14
3270.0  6.61751e-14
3272.5  6.71875e-14
3275.0  6.69429e-14
3277.5  6.71914e-14
3280.0  6.68642e-14
3282.5  6.65786e-14
3285.0  6.64413e-14
3287.5  6.67584e-14
3290.0  6.74778e-14
3292.5  6.63445e-14
3295.0  6.57689e-14
3297.5  6.52707e-14
3300.0  6.48401e-14
3302.5  6.53547e-14
3305.0  6.41479e-14
3307.5  6.38298e-14
3310.0  6.38159e-14
3312.5  6.36323e-14
3315.0  6.32324e-14
3317.5  6.31728e-14
3320.0  6.20085e-14
3322.5  6.24753e-14
3325.0  6.18404e-14
3327.5  6.23075e-14
3330.0  6.24298e-14
3332.5  6.25576e-14
3335.0  6.26698e-14
3337.5  6.30537e-14
3340.0  6.31236e-14
3342.5  6.36786e-14
3345.0  6.46123e-14
3347.5  6.39214e-14
3350.0  6.26562e-14
3352.5  6.23075e-14
3355.0  6.20995e-14
3357.5  6.17562e-14
3360.0  6.16235e-14
3362.5  6.18191e-14
3365.0  6.12494e-14
3367.5  6.12474e-14
3370.0  6.07732e-14
3372.5  6.08169e-14
3375.0  6.19208e-14
3377.5  6.16535e-14
3380.0  6.15871e-14
3382.5  6.09885e-14
3385.0  6.178e-14
3387.5  6.17135e-14
3390.0  6.12178e-14
3392.5  6.05239e-14
3395.0  6.14125e-14
3397.5  6.09557e-14
3400.0  6.09863e-14
3402.5  6.16549e-14
3405.0  6.18447e-14
3407.5  6.21246e-14
3410.0  6.18817e-14
3412.5  6.25466e-14
3415.0  6.24903e-14
3417.5  6.34671e-14
3420.0  6.39517e-14
3422.5  6.49317e-14
3425.0  6.60864e-14
3427.5  6.47263e-14
3430.0  6.33429e-14
3432.5  6.25189e-14
3435.0  6.13974e-14
3437.5  6.17847e-14
3440.0  6.18677e-14
3442.5  6.12074e-14
3445.0  6.09942e-14
3447.5  6.05697e-14
3450.0  5.92111e-14
3452.5  5.9043e-14
3455.0  5.98692e-14
3457.5  5.97788e-14
3460.0  5.97069e-14
3462.5  5.99458e-14
3465.0  6.04478e-14
3467.5  6.11828e-14
3470.0  5.98277e-14
3472.5  6.02367e-14
3475.0  5.94076e-14
3477.5  5.75586e-14
3480.0  5.8694e-14
3482.5  5.93579e-14
3485.0  5.95197e-14
3487.5  5.93055e-14
3490.0  5.91276e-14
3492.5  5.94028e-14
3495.0  5.82083e-14
3497.5  5.9293e-14
3500.0  5.95428e-14
3502.5  5.81501e-14
3505.0  5.8237e-14
3507.5  5.81027e-14
3510.0  5.73023e-14
3512.5  5.73243e-14
3515.0  5.73384e-14
3517.5  5.70561e-14
3520.0  5.65031e-14
3522.5  5.62227e-14
3525.0  5.57078e-14
3527.5  5.57023e-14
3530.0  5.48959e-14
3532.5  5.49484e-14
3535.0  5.55495e-14
3537.5  5.5219e-14
3540.0  5.52093e-14
3542.5  5.50015e-14
3545.0  5.39534e-14
3547.5  5.36713e-14
3550.0  5.43308e-14
3552.5  5.47134e-14
3555.0  5.48151e-14
3557.5  5.47367e-14
3560.0  5.49858e-14
3562.5  5.47736e-14
3565.0  5.41011e-14
3567.5  5.40487e-14
3570.0  5.48401e-14
3572.5  5.52157e-14
3575.0  5.576e-14
3577.5  5.51185e-14
3580.0  5.48321e-14
3582.5  5.49098e-14
3585.0  5.59652e-14
3587.5  5.44145e-14
3590.0  5.43701e-14
3592.5  5.44673e-14
3595.0  5.42526e-14
3597.5  5.42221e-14
3600.0  5.35607e-14
3602.5  5.38144e-14
3605.0  5.42206e-14
3607.5  5.3997e-14
3610.0  5.45193e-14
3612.5  5.33952e-14
3615.0  5.33129e-14
3617.5  5.41528e-14
3620.0  5.43637e-14
3622.5  5.39615e-14
3625.0  5.34308e-14
3627.5  5.39235e-14
3630.0  5.32785e-14
3632.5  5.26074e-14
3635.0  5.3767e-14
3637.5  5.30828e-14
3640.0  5.24414e-14
3642.5  5.28755e-14
3645.0  5.29774e-14
3647.5  5.25326e-14
3650.0  5.26453e-14
3652.5  5.2338e-14
3655.0  5.267e-14
3657.5  5.30647e-14
3660.0  5.27875e-14
3662.5  5.26523e-14
3665.0  5.22987e-14
3667.5  5.19414e-14
3670.0  5.19627e-14
3672.5  5.1715e-14
3675.0  5.17397e-14
3677.5  5.16224e-14
3680.0  5.1385e-14
3682.5  5.16689e-14
3685.0  5.13287e-14
3687.5  5.04222e-14
3690.0  5.11937e-14
3692.5  5.17056e-14
3695.0  5.13753e-14
3697.5  5.1763e-14
3700.0  5.12656e-14
3702.5  5.15519e-14
3705.0  5.13874e-14
3707.5  5.07338e-14
3710.0  5.06278e-14
3712.5  5.03989e-14
3715.0  5.05325e-14
3717.5  5.13727e-14
3720.0  5.19529e-14
3722.5  5.35071e-14
3725.0  5.64391e-14
3727.5  5.90602e-14
3730.0  5.82491e-14
3732.5  5.44378e-14
3735.0  5.11149e-14
3737.5  5.0497e-14
3740.0  4.99649e-14
3742.5  5.02474e-14
3745.0  5.01832e-14
3747.5  4.92098e-14
3750.0  4.96173e-14
3752.5  5.00427e-14
3755.0  5.06975e-14
3757.5  5.06195e-14
3760.0  4.93059e-14
3762.5  4.95911e-14
3765.0  4.86062e-14
3767.5  4.89209e-14
3770.0  4.91538e-14
3772.5  4.84349e-14
3775.0  4.87053e-14
3777.5  4.81808e-14
3780.0  4.80583e-14
3782.5  4.78373e-14
3785.0  4.74645e-14
3787.5  4.79002e-14
3790.0  4.71551e-14
3792.5  4.61576e-14
3795.0  4.52954e-14
3797.5  4.54714e-14
3800.0  4.60095e-14
3802.5  4.52517e-14
3805.0  4.514e-14
3807.5  4.57413e-14
3810.0  4.64938e-14
3812.5  4.65041e-14
3815.0  4.62179e-14
3817.5  4.62279e-14
3820.0  4.58868e-14
3822.5  4.55758e-14
3825.0  4.55054e-14
3827.5  4.54259e-14
3830.0  4.50482e-14
3832.5  4.58863e-14
3835.0  4.60523e-14
3837.5  4.52964e-14
3840.0  4.5096e-14
3842.5  4.59026e-14
3845.0  4.56184e-14
3847.5  4.57194e-14
3850.0  4.60429e-14
3852.5  4.65768e-14
3855.0  4.63864e-14
3857.5  4.72145e-14
3860.0  4.76978e-14
3862.5  4.86147e-14
3865.0  4.99389e-14
3867.5  5.22794e-14
3870.0  5.16383e-14
3872.5  4.96563e-14
3875.0  4.76036e-14
3877.5  4.69696e-14
3880.0  4.54868e-14
3882.5  4.54884e-14
3885.0  4.69591e-14
3887.5  4.66675e-14
3890.0  4.69858e-14
3892.5  4.62123e-14
3895.0  4.49923e-14
3897.5  4.46e-14
3900.0  4.41748e-14
3902.5  4.49819e-14
3905.0  4.43322e-14
3907.5  4.39612e-14
3910.0  4.39167e-14
3912.5  4.34471e-14
3915.0  4.35971e-14
3917.5  4.35899e-14
3920.0  4.29407e-14
3922.5  4.25871e-14
3925.0  4.21586e-14
3927.5  4.14644e-14
3930.0  4.10554e-14
3932.5  4.12339e-14
3935.0  4.08157e-14
3937.5  4.11906e-14
3940.0  4.17782e-14
3942.5  4.18136e-14
3945.0  4.24912e-14
3947.5  4.27493e-14
3950.0  4.25981e-14
3952.5  4.19713e-14
3955.0  4.29457e-14
3957.5  4.28573e-14
3960.0  4.34519e-14
3962.5  4.34668e-14
3965.0  4.32658e-14
3967.5  4.33865e-14
3970.0  4.30366e-14
3972.5  4.27653e-14
3975.0  4.19338e-14
3977.5  4.22049e-14
3980.0  4.22406e-14
3982.5  4.17779e-14
3985.0  4.19706e-14
3987.5  4.16726e-14
3990.0  4.04472e-14
3992.5  4.12094e-14
3995.0  4.11257e-14
3997.5  4.03369e-14
4000.0  4.02012e-14
4002.5  3.97586e-14
4005.0  4.01901e-14
4007.5  3.96541e-14
4010.0  3.94017e-14
4012.5  3.99795e-14
4015.0  3.98351e-14
4017.5  4.07149e-14
4020.0  4.04045e-14
4022.5  3.96187e-14
4025.0  3.99079e-14
4027.5  3.94373e-14
4030.0  3.88435e-14
4032.5  3.89701e-14
4035.0  3.89345e-14
4037.5  3.8532e-14
4040.0  3.88157e-14
4042.5  3.83058e-14
4045.0  3.80091e-14
4047.5  3.81607e-14
4050.0  3.92783e-14
4052.5  3.8676e-14
4055.0  3.82677e-14
4057.5  3.91917e-14
4060.0  3.90356e-14
4062.5  3.89587e-14
4065.0  3.94154e-14
4067.5  4.06126e-14
4070.0  4.1109e-14
4072.5  4.08492e-14
4075.0  4.05905e-14
4077.5  4.0335e-14
4080.0  4.03703e-14
4082.5  4.07484e-14
4085.0  4.16223e-14
4087.5  4.15843e-14
4090.0  4.17021e-14
4092.5  4.27976e-14
4095.0  4.29971e-14
4097.5  4.25898e-14
4100.0  4.49566e-14
4102.5  4.46552e-14
4105.0  4.36224e-14
4107.5  4.26554e-14
4110.0  4.20108e-14
4112.5  4.20626e-14
4115.0  4.2088e-14
4117.5  4.08123e-14
4120.0  4.06237e-14
4122.5  4.01484e-14
4125.0  3.97743e-14
4127.5  3.96933e-14
4130.0  3.93805e-14
4132.5  3.96173e-14
4135.0  3.89544e-14
4137.5  3.85577e-14
4140.0  3.81714e-14
4142.5  3.74748e-14
4145.0  3.72917e-14
4147.5  3.62303e-14
4150.0  3.67101e-14
4152.5  3.73715e-14
4155.0  3.66132e-14
4157.5  3.73532e-14
4160.0  3.76657e-14
4162.5  3.67284e-14
4165.0  3.73717e-14
4167.5  3.7053e-14
4170.0  3.69541e-14
4172.5  3.73614e-14
4175.0  3.75976e-14
4177.5  3.69976e-14
4180.0  3.67113e-14
4182.5  3.59556e-14
4185.0  3.62365e-14
4187.5  3.67186e-14
4190.0  3.66593e-14
4192.5  3.63321e-14
4195.0  3.61111e-14
4197.5  3.53864e-14
4200.0  3.4802e-14
4202.5  3.45526e-14
4205.0  3.55032e-14
4207.5  3.60348e-14
4210.0  3.53365e-14
4212.5  3.57667e-14
4215.0  3.56332e-14
4217.5  3.55797e-14
4220.0  3.57269e-14
4222.5  3.61307e-14
4225.0  3.56688e-14
4227.5  3.51238e-14
4230.0  3.54646e-14
4232.5  3.6334e-14
4235.0  3.67967e-14
4237.5  3.66274e-14
4240.0  3.64457e-14
4242.5  3.70314e-14
4245.0  3.69788e-14
4247.5  3.62719e-14
4250.0  3.64492e-14
4252.5  3.62408e-14
4255.0  3.57586e-14
4257.5  3.54066e-14
4260.0  3.52255e-14
4262.5  3.61107e-14
4265.0  3.64492e-14
4267.5  3.60331e-14
4270.0  3.63617e-14
4272.5  3.61137e-14
4275.0  3.59196e-14
4277.5  3.68124e-14
4280.0  3.70799e-14
4282.5  3.70911e-14
4285.0  3.63482e-14
4287.5  3.63208e-14
4290.0  3.6989e-14
4292.5  3.842e-14
4295.0  3.82218e-14
4297.5  3.8917e-14
4300.0  3.79118e-14
4302.5  3.76037e-14
4305.0  3.85974e-14
4307.5  3.85816e-14
4310.0  3.89384e-14
4312.5  3.91032e-14
4315.0  3.99646e-14
4317.5  4.08198e-14
4320.0  4.19032e-14
4322.5  4.12004e-14
4325.0  4.19649e-14
4327.5  4.24984e-14
4330.0  4.3206e-14
4332.5  4.57325e-14
4335.0  4.59838e-14
4337.5  4.64456e-14
4340.0  4.72178e-14
4342.5  4.79261e-14
4345.0  4.73434e-14
4347.5  4.62403e-14
4350.0  4.46263e-14
4352.5  4.45228e-14
4355.0  4.40186e-14
4357.5  4.45648e-14
4360.0  4.39229e-14
4362.5  4.26207e-14
4365.0  4.242e-14
4367.5  4.10631e-14
4370.0  4.07143e-14
4372.5  4.04318e-14
4375.0  3.81972e-14
4377.5  3.73575e-14
4380.0  3.7794e-14
4382.5  3.74414e-14
4385.0  3.6497e-14
4387.5  3.65829e-14
4390.0  3.60969e-14
4392.5  3.6017e-14
4395.0  3.68088e-14
4397.5  3.64444e-14
4400.0  3.59642e-14
4402.5  3.55861e-14
4405.0  3.55873e-14
4407.5  3.51934e-14
4410.0  3.55363e-14
4412.5  3.52564e-14
4415.0  3.46677e-14
4417.5  3.5493e-14
4420.0  3.49075e-14
4422.5  3.33434e-14
4425.0  3.48005e-14
4427.5  3.38872e-14
4430.0  3.27795e-14
4432.5  3.37726e-14
4435.0  3.36492e-14
4437.5  3.39074e-14
4440.0  3.35609e-14
4442.5  3.3666e-14
4445.0  3.41544e-14
4447.5  3.40837e-14
4450.0  3.35297e-14
4452.5  3.34009e-14
4455.0  3.33658e-14
4457.5  3.40599e-14
4460.0  3.44657e-14
4462.5  3.43354e-14
4465.0  3.46738e-14
4467.5  3.52896e-14
4470.0  3.57094e-14
4472.5  3.485e-14
4475.0  3.51394e-14
4477.5  3.53626e-14
4480.0  3.49267e-14
4482.5  3.42737e-14
4485.0  3.39086e-14
4487.5  3.45189e-14
4490.0  3.52854e-14
4492.5  3.52557e-14
4495.0  3.53107e-14
4497.5  3.48865e-14
4500.0  3.5393e-14
4502.5  3.53045e-14
4505.0  3.51938e-14
4507.5  3.49416e-14
4510.0  3.61688e-14
4512.5  3.60797e-14
4515.0  3.69457e-14
4517.5  3.75671e-14
4520.0  3.67066e-14
4522.5  3.60889e-14
4525.0  3.57381e-14
4527.5  3.4924e-14
4530.0  3.49488e-14
4532.5  3.51925e-14
4535.0  3.41716e-14
4537.5  3.47956e-14
4540.0  3.45571e-14
4542.5  3.49056e-14
4545.0  3.68215e-14
4547.5  3.46312e-14
4550.0  3.57974e-14
4552.5  3.49427e-14
4555.0  3.50958e-14
4557.5  3.5814e-14
4560.0  3.60817e-14
4562.5  3.59627e-14
4565.0  3.58825e-14
4567.5  3.48424e-14
4570.0  3.38486e-14
4572.5  3.40622e-14
4575.0  3.52951e-14
4577.5  3.53163e-14
4580.0  3.61866e-14
4582.5  3.55604e-14
4585.0  3.47979e-14
4587.5  3.47624e-14
4590.0  3.41881e-14
4592.5  3.50913e-14
4595.0  3.46608e-14
4597.5  3.44798e-14
4600.0  3.37244e-14
4602.5  3.34173e-14
4605.0  3.29447e-14
4607.5  3.41231e-14
4610.0  3.30474e-14
4612.5  3.35776e-14
4615.0  3.3888e-14
4617.5  3.44853e-14
4620.0  3.47488e-14
4622.5  3.48451e-14
4625.0  3.48044e-14
4627.5  3.40486e-14
4630.0  3.43454e-14
4632.5  3.38132e-14
4635.0  3.47751e-14
4637.5  3.3305e-14
4640.0  3.39288e-14
4642.5  3.3148e-14
4645.0  3.42143e-14
4647.5  3.35421e-14
4650.0  3.32541e-14
4652.5  3.35645e-14
4655.0  3.45826e-14
4657.5  3.3759e-14
4660.0  3.29146e-14
4662.5  3.30209e-14
4665.0  3.38479e-14
4667.5  3.29531e-14
4670.0  3.2647e-14
4672.5  3.25449e-14
4675.0  3.27922e-14
4677.5  3.30387e-14
4680.0  3.29092e-14
4682.5  3.32974e-14
4685.0  3.38328e-14
4687.5  3.24186e-14
4690.0  3.13859e-14
4692.5  3.1896e-14
4695.0  3.15579e-14
4697.5  3.08034e-14
4700.0  3.13435e-14
4702.5  3.06632e-14
4705.0  3.09466e-14
4707.5  2.97907e-14
4710.0  3.03341e-14
4712.5  3.05259e-14
4715.0  3.11042e-14
4717.5  3.08755e-14
4720.0  3.10018e-14
4722.5  3.03132e-14
4725.0  3.06809e-14
4727.5  3.11379e-14
4730.0  2.99483e-14
4732.5  3.0459e-14
4735.0  3.04896e-14
4737.5  3.12132e-14
4740.0  3.07932e-14
4742.5  3.10358e-14
4745.0  3.0196e-14
4747.5  2.95558e-14
4750.0  2.9205e-14
4752.5  2.86663e-14
4755.0  2.93012e-14
4757.5  3.02079e-14
4760.0  2.94077e-14
4762.5  2.92992e-14
4765.0  2.93571e-14
4767.5  2.92598e-14
4770.0  2.9875e-14
4772.5  2.97454e-14
4775.0  3.03019e-14
4777.5  2.98912e-14
4780.0  3.08875e-14
4782.5  3.0372e-14
4785.0  3.07732e-14
4787.5  2.97125e-14
4790.0  3.05472e-14
4792.5  2.96802e-14
4795.0  3.10675e-14
4797.5  3.09112e-14
4800.0  3.171e-14
4802.5  3.24008e-14
4805.0  3.15601e-14
4807.5  3.22336e-14
4810.0  3.19475e-14
4812.5  3.25412e-14
4815.0  3.32456e-14
4817.5  3.43404e-14
4820.0  3.54801e-14
4822.5  3.49945e-14
4825.0  3.56415e-14
4827.5  3.55905e-14
4830.0  3.84339e-14
4832.5  3.84765e-14
4835.0  3.84788e-14
4837.5  3.8831e-14
4840.0  3.97408e-14
4842.5  4.12306e-14
4845.0  4.2655e-14
4847.5  4.47857e-14
4850.0  4.44054e-14
4852.5  4.67257e-14
4855.0  5.01466e-14
4857.5  5.26068e-14
4860.0  5.47501e-14
4862.5  5.49264e-14
4865.0  5.28138e-14
4867.5  5.10098e-14
4870.0  4.92165e-14
4872.5  4.71949e-14
4875.0  4.55492e-14
4877.5  4.41568e-14
4880.0  4.30965e-14
4882.5  4.14414e-14
4885.0  4.10311e-14
4887.5  3.84463e-14
4890.0  3.801e-14
4892.5  3.73943e-14
4895.0  3.72912e-14
4897.5  3.67592e-14
4900.0  3.69799e-14
4902.5  3.58127e-14
4905.0  3.56515e-14
4907.5  3.37778e-14
4910.0  3.32358e-14
4912.5  3.42504e-14
4915.0  3.44395e-14
4917.5  3.37081e-14
4920.0  3.29894e-14
4922.5  3.37918e-14
4925.0  3.2564e-14
4927.5  3.20827e-14
4930.0  3.19442e-14
4932.5  3.22432e-14
4935.0  3.09314e-14
4937.5  3.12764e-14
4940.0  3.07076e-14
4942.5  3.08846e-14
4945.0  3.1645e-14
4947.5  3.13771e-14
4950.0  3.12967e-14
4952.5  3.42726e-14
4955.0  3.72742e-14
4957.5  4.09743e-14
4960.0  4.1192e-14
4962.5  3.81275e-14
4965.0  3.37885e-14
4967.5  3.20739e-14
4970.0  2.98258e-14
4972.5  3.00759e-14
4975.0  2.92882e-14
4977.5  2.82964e-14
4980.0  2.88785e-14
4982.5  2.94602e-14
4985.0  2.7947e-14
4987.5  2.89598e-14
4990.0  2.99441e-14
4992.5  3.20598e-14
4995.0  3.3001e-14
4997.5  3.48767e-14
5000.0  4.04429e-14
5002.5  4.70038e-14
5005.0  5.7437e-14
5007.5  6.27641e-14
5010.0  5.78877e-14
5012.5  4.46372e-14
5015.0  3.79468e-14
5017.5  3.36409e-14
5020.0  3.18915e-14
5022.5  2.95602e-14
5025.0  2.97468e-14
5027.5  2.97384e-14
5030.0  2.88577e-14
5032.5  2.82021e-14
5035.0  2.8132e-14
5037.5  2.80655e-14
5040.0  2.76551e-14
5042.5  2.67419e-14
5045.0  2.76296e-14
5047.5  2.76676e-14
5050.0  2.73073e-14
5052.5  2.72516e-14
5055.0  2.73438e-14
5057.5  2.74621e-14
5060.0  2.72981e-14
5062.5  2.70833e-14
5065.0  2.6803e-14
5067.5  2.6695e-14
5070.0  2.65785e-14
5072.5  2.59778e-14
5075.0  2.66666e-14
5077.5  2.55032e-14
5080.0  2.54011e-14
5082.5  2.51733e-14
5085.0  2.47224e-14
5087.5  2.54727e-14
5090.0  2.59387e-14
5092.5  2.62512e-14
5095.0  2.57436e-14
5097.5  2.52656e-14
5100.0  2.61777e-14
5102.5  2.52871e-14
5105.0  2.47674e-14
5107.5  2.54933e-14
5110.0  2.5e-14
5112.5  2.51869e-14
5115.0  2.46225e-14
5117.5  2.52786e-14
5120.0  2.57888e-14
5122.5  2.46457e-14
5125.0  2.51287e-14
5127.5  2.52022e-14
5130.0  2.42266e-14
5132.5  2.51824e-14
5135.0  2.48974e-14
5137.5  2.52635e-14
5140.0  2.46865e-14
5142.5  2.54051e-14
5145.0  2.54717e-14
5147.5  2.64235e-14
5150.0  2.57344e-14
5152.5  2.54846e-14
5155.0  2.69192e-14
5157.5  2.71174e-14
5160.0  2.75384e-14
5162.5  2.67067e-14
5165.0  2.72407e-14
5167.5  2.54461e-14
5170.0  2.62048e-14
5172.5  2.65298e-14
5175.0  2.71632e-14
5177.5  2.82936e-14
5180.0  2.58713e-14
5182.5  2.59417e-14
5185.0  2.53446e-14
5187.5  2.56516e-14
5190.0  2.55e-14
5192.5  2.55493e-14
5195.0  2.69822e-14
5197.5  2.759e-14
5200.0  2.63349e-14
5202.5  2.58453e-14
5205.0  2.49497e-14
5207.5  2.46924e-14
5210.0  2.5543e-14
5212.5  2.42354e-14
5215.0  2.55569e-14
5217.5  2.62606e-14
5220.0  2.57906e-14
5222.5  2.6562e-14
5225.0  2.55109e-14
5227.5  2.4811e-14
5230.0  2.5888e-14
5232.5  2.55482e-14
5235.0  2.57685e-14
5237.5  2.48321e-14
5240.0  2.57057e-14
5242.5  2.64e-14
5245.0  2.45823e-14
5247.5  2.48232e-14
5250.0  2.5194e-14
5252.5  2.55583e-14
5255.0  2.6057e-14
5257.5  2.56771e-14
5260.0  2.44056e-14
5262.5  2.61391e-14
5265.0  2.53889e-14
5267.5  2.5073e-14
5270.0  2.55538e-14
5272.5  2.55716e-14
5275.0  2.52021e-14
5277.5  2.57479e-14
5280.0  2.51285e-14
5282.5  2.63027e-14
5285.0  2.536e-14
5287.5  2.57442e-14
5290.0  2.51176e-14
5292.5  2.65391e-14
5295.0  2.6197e-14
5297.5  2.66413e-14
5300.0  2.49905e-14
5302.5  2.43365e-14
5305.0  2.43288e-14
5307.5  2.65177e-14
5310.0  2.70315e-14
5312.5  2.56627e-14
5315.0  2.49391e-14
5317.5  2.57096e-14
5320.0  2.63964e-14
5322.5  2.53553e-14
5325.0  2.56115e-14
5327.5  2.50705e-14
5330.0  2.47022e-14
5332.5  2.46789e-14
5335.0  2.4418e-14
5337.5  2.36412e-14
5340.0  2.4097e-14
5342.5  2.44081e-14
5345.0  2.49863e-14
5347.5  2.34874e-14
5350.0  2.34536e-14
5352.5  2.34244e-14
5355.0  2.36045e-14
5357.5  2.41698e-14
5360.0  2.40622e-14
5362.5  2.23297e-14
5365.0  2.35295e-14
5367.5  2.47267e-14
5370.0  2.22426e-14
5372.5  2.21175e-14
5375.0  2.2889e-14
5377.5  2.31444e-14
5380.0  2.33434e-14
5382.5  2.40553e-14
5385.0  2.33078e-14
5387.5  2.29372e-14
5390.0  2.25425e-14
5392.5  2.28534e-14
5395.0  2.27087e-14
5397.5  2.23146e-14
5400.0  2.24958e-14
5402.5  2.23805e-14
5405.0  2.20248e-14
5407.5  2.17483e-14
5410.0  2.24607e-14
5412.5  2.31192e-14
5415.0  2.29611e-14
5417.5  2.25306e-14
5420.0  2.28144e-14
5422.5  2.24872e-14
5425.0  2.21808e-14
5427.5  2.18512e-14
5430.0  2.17568e-14
5432.5  2.1782e-14
5435.0  2.01241e-14
5437.5  2.28101e-14
5440.0  2.19287e-14
5442.5  2.32187e-14
5445.0  2.06266e-14
5447.5  2.27358e-14
5450.0  2.28836e-14
5452.5  2.26128e-14
5455.0  2.14296e-14
5457.5  2.143e-14
5460.0  2.14132e-14
5462.5  2.28565e-14
5465.0  2.00673e-14
5467.5  1.92818e-14
5470.0  2.10366e-14
5472.5  2.01483e-14
5475.0  2.03554e-14
5477.5  2.17685e-14
5480.0  2.04608e-14
5482.5  2.1151e-14
5485.0  2.17126e-14
5487.5  2.16371e-14
5490.0  2.17656e-14
5492.5  2.20868e-14
5495.0  2.25019e-14
5497.5  2.07262e-14
5500.0  2.17503e-14
5502.5  2.23452e-14
5505.0  2.17335e-14
5507.5  2.11747e-14
5510.0  2.03715e-14
5512.5  2.13697e-14
5515.0  2.05793e-14
5517.5  2.08439e-14
5520.0  2.1597e-14
5522.5  2.19322e-14
5525.0  2.226e-14
5527.5  2.2069e-14
5530.0  2.17499e-14
5532.5  2.19838e-14
5535.0  2.10129e-14
5537.5  2.26618e-14
5540.0  2.20985e-14
5542.5  2.18524e-14
5545.0  2.2559e-14
5547.5  2.22844e-14
5550.0  2.12179e-14
5552.5  2.14652e-14
5555.0  2.16559e-14
5557.5  2.05938e-14
5560.0  2.01857e-14
5562.5  2.01721e-14
5565.0  2.03112e-14
5567.5  2.12422e-14
5570.0  2.09164e-14
5572.5  2.16896e-14
5575.0  2.04696e-14
5577.5  2.2033e-14
5580.0  2.29465e-14
5582.5  2.1125e-14
5585.0  2.17463e-14
5587.5  2.13336e-14
5590.0  2.09108e-14
5592.5  2.21866e-14
5595.0  2.36758e-14
5597.5  2.37659e-14
5600.0  2.33949e-14
5602.5  2.15994e-14
5605.0  2.21969e-14
5607.5  2.24252e-14
5610.0  2.16903e-14
5612.5  2.12315e-14
5615.0  2.07049e-14
5617.5  2.02402e-14
5620.0  2.07003e-14
5622.5  2.05171e-14
5625.0  1.97611e-14
5627.5  2.05467e-14
5630.0  2.09286e-14
5632.5  2.13964e-14
5635.0  2.01015e-14
5637.5  2.00611e-14
5640.0  2.05637e-14
5642.5  1.84674e-14
5645.0  1.88769e-14
5647.5  1.94821e-14
5650.0  2.03151e-14
5652.5  2.09693e-14
5655.0  1.93123e-14
5657.5  2.04067e-14
5660.0  2.02703e-14
5662.5  1.96514e-14
5665.0  2.02131e-14
5667.5  1.99247e-14
5670.0  1.88464e-14
5672.5  2.25365e-14
5675.0  2.05891e-14
5677.5  2.01152e-14
5680.0  2.05524e-14
5682.5  1.98878e-14
5685.0  1.95095e-14
5687.5  1.86079e-14
5690.0  1.95843e-14
5692.5  2.00865e-14
5695.0  1.90366e-14
5697.5  1.83749e-14
5700.0  1.96122e-14
5702.5  1.95398e-14
5705.0  1.89206e-14
5707.5  2.09369e-14
5710.0  1.93749e-14
5712.5  1.93166e-14
5715.0  1.87648e-14
5717.5  1.82214e-14
5720.0  1.92327e-14
5722.5  1.89849e-14
5725.0  2.01589e-14
5727.5  1.85591e-14
5730.0  1.9779e-14
5732.5  1.89472e-14
5735.0  1.72518e-14
5737.5  1.69486e-14
5740.0  1.73642e-14
5742.5  1.82413e-14
5745.0  1.85148e-14
5747.5  1.87578e-14
5750.0  1.96639e-14
5752.5  1.93392e-14
5755.0  1.94839e-14
5757.5  1.90235e-14
5760.0  1.73265e-14
5762.5  1.81502e-14
5765.0  1.7834e-14
5767.5  1.9819e-14
5770.0  1.93472e-14
5772.5  1.90225e-14
5775.0  1.82857e-14
5777.5  1.96155e-14
5780.0  1.96724e-14
5782.5  1.84563e-14
5785.0  1.86756e-14
5787.5  1.85681e-14
5790.0  1.86622e-14
5792.5  1.78198e-14
5795.0  1.84813e-14
5797.5  1.93153e-14
5800.0  1.99793e-14
5802.5  1.80645e-14
5805.0  2.05576e-14
5807.5  2.10347e-14
5810.0  1.96142e-14
5812.5  1.86434e-14
5815.0  1.83938e-14
5817.5  1.75509e-14
5820.0  1.77103e-14
5822.5  1.85108e-14
5825.0  1.89788e-14
5827.5  1.82443e-14
5830.0  1.81824e-14
5832.5  1.79519e-14
5835.0  1.6828e-14
5837.5  1.88743e-14
5840.0  2.09192e-14
5842.5  1.94506e-14
5845.0  1.99472e-14
5847.5  1.99169e-14
5850.0  2.04678e-14
5852.5  1.90216e-14
5855.0  1.97889e-14
5857.5  2.12695e-14
5860.0  1.75746e-14
5862.5  1.93609e-14
5865.0  1.98236e-14
5867.5  2.10948e-14
5870.0  2.15815e-14
5872.5  2.08475e-14
5875.0  2.17474e-14
5877.5  2.10531e-14
5880.0  1.88123e-14
5882.5  1.80897e-14
5885.0  2.07669e-14
5887.5  1.91454e-14
5890.0  1.82025e-14
5892.5  2.02189e-14
5895.0  1.97204e-14
5897.5  1.77591e-14
5900.0  1.80803e-14
5902.5  1.93034e-14
5905.0  1.79703e-14
5907.5  1.85409e-14
5910.0  1.95417e-14
5912.5  1.9679e-14
5915.0  1.94828e-14
5917.5  1.79045e-14
5920.0  1.80745e-14
5922.5  1.74058e-14
5925.0  1.71026e-14
5927.5  1.86027e-14
5930.0  1.85909e-14
5932.5  1.9431e-14
5935.0  1.90698e-14
5937.5  1.94597e-14
5940.0  1.89857e-14
5942.5  1.85768e-14
5945.0  1.75655e-14
5947.5  1.60705e-14
5950.0  1.80122e-14
5952.5  1.73581e-14
5955.0  1.72983e-14
5957.5  1.76548e-14
5960.0  1.63566e-14
5962.5  1.60827e-14
5965.0  1.80881e-14
5967.5  1.70152e-14
5970.0  1.76231e-14
5972.5  1.81835e-14
5975.0  1.69483e-14
5977.5  1.68806e-14
5980.0  1.78707e-14
5982.5  1.76408e-14
5985.0  1.49589e-14
5987.5  1.82121e-14
5990.0  1.82635e-14
5992.5  1.96005e-14
5995.0  1.90503e-14
5997.5  1.78603e-14
6000.0  1.58431e-14
